# unix_time, cycles_done, cur_path, paths_total, pending_total, pending_favs, map_size, unique_crashes, unique_hangs, max_depth, execs_per_sec
1695929346, 0, 0, 43, 43, 41, 5.81%, 0, 0, 1, 33.27
1695929352, 0, 0, 132, 132, 41, 6.02%, 0, 0, 2, 355.44
1695929357, 0, 0, 143, 143, 41, 6.07%, 0, 0, 2, 350.98
1695929362, 0, 0, 147, 147, 41, 6.07%, 0, 0, 2, 351.31
1695929372, 0, 0, 148, 148, 41, 6.08%, 0, 0, 2, 366.91
1695929428, 0, 0, 149, 149, 41, 6.08%, 0, 0, 2, 860.11
1695929433, 0, 0, 150, 150, 41, 6.08%, 0, 0, 2, 444.35
1695929449, 0, 0, 151, 151, 41, 6.08%, 0, 0, 2, 342.86
1695929459, 0, 0, 155, 155, 41, 6.09%, 0, 0, 2, 887.28
1695929464, 0, 1, 190, 189, 77, 6.12%, 0, 0, 2, 525.97
1695929469, 0, 1, 200, 199, 77, 6.13%, 0, 0, 2, 432.60
1695929474, 0, 1, 202, 201, 77, 6.13%, 0, 0, 2, 449.46
1695929479, 0, 1, 205, 204, 77, 6.13%, 0, 0, 2, 366.98
1695929484, 0, 1, 210, 209, 77, 6.13%, 0, 0, 2, 324.31
1695929494, 0, 1, 211, 210, 77, 6.13%, 0, 0, 2, 317.60
1695929510, 0, 1, 214, 213, 77, 6.13%, 0, 0, 2, 329.84
1695929520, 0, 1, 215, 214, 77, 6.13%, 0, 0, 2, 309.14
1695929530, 0, 1, 217, 216, 77, 6.13%, 0, 0, 2, 359.71
1695929535, 0, 2, 217, 215, 88, 6.13%, 0, 0, 2, 467.42
1695929540, 0, 2, 239, 237, 88, 6.15%, 0, 0, 2, 342.94
1695929556, 0, 2, 240, 238, 88, 6.15%, 0, 0, 2, 381.60
1695929617, 0, 2, 241, 239, 88, 6.15%, 0, 0, 2, 306.92
1695929647, 0, 2, 242, 240, 88, 6.15%, 0, 0, 2, 287.42
1695929673, 0, 2, 243, 241, 88, 6.15%, 0, 0, 2, 279.81
1695929678, 0, 3, 244, 241, 90, 6.16%, 0, 0, 2, 403.42
1695929683, 0, 3, 309, 306, 90, 6.18%, 0, 0, 2, 337.35
1695929688, 0, 3, 335, 332, 90, 6.18%, 0, 0, 2, 318.90
1695929693, 0, 3, 344, 341, 90, 6.18%, 0, 0, 2, 370.52
1695929698, 0, 3, 351, 348, 90, 6.18%, 0, 0, 2, 302.81
1695929703, 0, 3, 352, 349, 90, 6.18%, 0, 0, 2, 243.12
1695929708, 0, 3, 354, 351, 90, 6.18%, 0, 0, 2, 337.34
1695929713, 0, 3, 357, 354, 90, 6.18%, 0, 0, 2, 336.51
1695929723, 0, 3, 366, 363, 90, 6.18%, 0, 0, 2, 303.30
1695929733, 0, 3, 368, 365, 90, 6.18%, 0, 0, 2, 268.06
1695929749, 0, 3, 369, 366, 90, 6.18%, 0, 0, 2, 294.61
1695929754, 0, 3, 370, 367, 90, 6.18%, 0, 0, 2, 322.93
1695929759, 0, 3, 372, 369, 90, 6.18%, 0, 0, 2, 311.39
1695929764, 0, 3, 373, 370, 90, 6.18%, 0, 0, 2, 318.43
1695929769, 0, 3, 375, 372, 90, 6.18%, 0, 0, 2, 280.65
1695929794, 0, 3, 376, 373, 90, 6.18%, 0, 0, 2, 297.97
1695929825, 0, 3, 377, 374, 90, 6.18%, 0, 0, 2, 296.14
1695929830, 0, 3, 378, 375, 90, 6.18%, 0, 0, 2, 272.34
1695929835, 0, 3, 379, 376, 90, 6.18%, 0, 0, 2, 260.95
1695929840, 0, 4, 402, 398, 94, 6.18%, 0, 0, 2, 369.70
1695929845, 0, 4, 424, 420, 94, 6.18%, 0, 0, 2, 282.99
1695929850, 0, 4, 426, 422, 94, 6.18%, 0, 0, 2, 279.29
1695929855, 0, 4, 433, 429, 94, 6.18%, 0, 0, 2, 293.75
1695929860, 0, 4, 434, 430, 94, 6.18%, 0, 0, 2, 303.88
1695929865, 0, 4, 439, 435, 94, 6.18%, 0, 0, 2, 278.72
1695929896, 0, 4, 440, 436, 94, 6.18%, 0, 0, 2, 278.78
1695929901, 0, 4, 442, 438, 94, 6.18%, 0, 0, 2, 275.07
1695929906, 0, 4, 446, 442, 94, 6.18%, 0, 0, 2, 259.95
1695929911, 0, 4, 447, 443, 94, 6.18%, 0, 0, 2, 249.64
1695929931, 0, 4, 448, 444, 94, 6.18%, 0, 0, 2, 289.12
1695929941, 0, 4, 449, 445, 94, 6.18%, 0, 0, 2, 271.58
1695929957, 0, 4, 450, 446, 94, 6.18%, 0, 0, 2, 272.43
1695929962, 0, 4, 453, 449, 94, 6.18%, 0, 0, 2, 257.74
1695929997, 0, 4, 454, 450, 94, 6.18%, 0, 0, 2, 266.76
1695930002, 0, 4, 455, 451, 94, 6.18%, 0, 0, 2, 250.65
1695930043, 0, 4, 456, 452, 94, 6.18%, 0, 0, 2, 271.01
1695930048, 0, 4, 457, 453, 94, 6.18%, 0, 0, 2, 255.96
1695930063, 0, 5, 463, 458, 94, 6.19%, 0, 0, 2, 325.65
1695930068, 0, 5, 495, 490, 94, 6.19%, 0, 0, 2, 255.21
1695930073, 0, 5, 508, 503, 94, 6.19%, 0, 0, 2, 234.78
1695930078, 0, 5, 511, 506, 94, 6.19%, 0, 0, 2, 205.40
1695930089, 0, 5, 512, 507, 94, 6.19%, 0, 0, 2, 259.82
1695930094, 0, 5, 513, 508, 94, 6.19%, 0, 0, 2, 225.51
1695930104, 0, 5, 514, 509, 94, 6.19%, 0, 0, 2, 264.66
1695930124, 0, 5, 515, 510, 94, 6.19%, 0, 0, 2, 246.64
1695930149, 0, 5, 516, 511, 94, 6.19%, 0, 0, 2, 290.41
